0.500000 73.786530 0.083432 
0.510000 151.239670 0.047035 
0.520000 231.961929 0.035189 
0.530000 316.564301 0.029406 
0.540000 404.454834 0.025938 
0.550000 496.597748 0.023634 
0.560000 593.156311 0.022008 
0.570000 694.028259 0.020806 
0.580000 799.135803 0.019867 
0.590000 908.965271 0.019111 
0.600000 1023.650024 0.018482 
0.610000 1143.249634 0.017949 
0.620000 1267.880615 0.017487 
0.630000 1397.973999 0.017078 
0.640000 1533.230957 0.016713 
0.650000 1673.814087 0.016380 
0.660000 1819.197632 0.016076 
0.670000 1969.687866 0.015793 
0.680000 2125.251221 0.015528 
0.690000 2285.837891 0.015277 
0.700000 2451.171631 0.015038 
0.710000 2621.337646 0.014808 
0.720000 2795.750488 0.014587 
0.730000 2974.310303 0.014375 
0.740000 3156.987549 0.014169 
0.750000 3343.316162 0.013970 
0.760000 3533.238770 0.013777 
0.770000 3726.546143 0.013589 
0.780000 3923.126953 0.013407 
0.790000 4122.842773 0.013229 
0.800000 4325.629395 0.013056 
0.810000 4531.372559 0.012888 
0.820000 4740.040527 0.012724 
0.830000 4951.520508 0.012564 
0.840000 5165.739746 0.012408 
0.850000 5382.689941 0.012256 
0.860000 5602.337402 0.012108 
0.870000 5824.680176 0.011963 
0.880000 6049.682617 0.011821 
0.890000 6277.307129 0.011683 
0.900000 6507.544434 0.011548 
0.910000 6740.363770 0.011417 
0.920000 6975.759277 0.011288 
0.930000 7213.745605 0.011162 
0.940000 7454.337402 0.011039 
0.950000 7697.510254 0.010918 
0.960000 7943.215820 0.010800 
0.970000 8191.477539 0.010685 
0.980000 8442.290039 0.010572 
0.990000 8695.708984 0.010461 
1.000000 8951.709961 0.010353 
