0.000000  0.000000  //no percola//0.000000 0.000000 0.000000 0.000000 0.000000 0.000000 0.000000 0.000000 0.000000 0.000000 0.000000 0.000000 0.000000 0.000000 0.000000 0.000000 

0.050000  0.005333  //no percola//0.000000 0.685332 0.043667 0.002667 0.000333 0.000000 0.000333 0.000000 0.000000 0.000000 0.000000 0.000000 0.000000 0.000000 0.000000 0.000000 

0.100000  0.005667  //no percola//0.000000 1.191319 0.152667 0.030333 0.006333 0.002000 0.000000 0.000000 0.000000 0.000000 0.000000 0.000000 0.000000 0.000000 0.000000 0.000000 

0.150000  0.026000  //no percola//0.000000 1.471313 0.282669 0.077333 0.021667 0.007333 0.002333 0.000667 0.000000 0.000000 0.000000 0.000000 0.000000 0.000000 0.000000 0.000000 

0.200000  0.056667  //no percola//0.000000 1.642648 0.386003 0.144000 0.057000 0.021000 0.005667 0.003000 0.000333 0.000333 0.000333 0.000000 0.000000 0.000000 0.000000 0.000000 

0.250000  0.149667  //no percola//0.000000 1.732315 0.451337 0.199001 0.093000 0.035000 0.022000 0.009667 0.001667 0.001000 0.000333 0.000333 0.000000 0.000000 0.000000 0.000000 

0.300000  0.315667  //no percola//0.000000 1.713315 0.500338 0.248335 0.127000 0.076666 0.037333 0.019333 0.009333 0.006000 0.002000 0.001333 0.000000 0.000000 0.000000 0.000000 

0.350000  0.654333  //no percola//0.000000 1.634315 0.503004 0.267002 0.154667 0.097666 0.054333 0.036667 0.025333 0.012000 0.007667 0.002667 0.000667 0.000333 0.000333 0.000000 

0.400000  1.153332  //no percola//0.000000 1.447982 0.484671 0.299002 0.181667 0.131333 0.093666 0.064000 0.038000 0.022333 0.013667 0.006333 0.003333 0.000000 0.000000 0.000000 

0.450000  2.021998  //no percola//0.000000 1.329984 0.457004 0.282002 0.194334 0.124666 0.103666 0.071333 0.056333 0.052667 0.037333 0.017333 0.008000 0.001333 0.001333 0.000000 

0.500000  3.025341  //no percola//0.000000 1.094656 0.403003 0.246668 0.177667 0.131000 0.111333 0.101333 0.080333 0.068000 0.060000 0.034667 0.021667 0.008000 0.002000 0.000333 

0.550000  4.125006  //no percola//0.000000 0.944660 0.323002 0.237667 0.165333 0.119666 0.111000 0.106000 0.094333 0.093333 0.075333 0.061333 0.040667 0.013667 0.006333 0.001333 

0.600000  5.534346  //percola//0.000000 0.741330 0.258001 0.186334 0.131333 0.110000 0.099333 0.095000 0.094000 0.099666 0.105666 0.092000 0.077666 0.045000 0.016000 0.002000 

0.650000  7.069050  //percola//0.000000 0.580335 0.198001 0.138000 0.105333 0.089000 0.087666 0.078000 0.088000 0.102000 0.108333 0.124333 0.112000 0.080333 0.031333 0.009333 

0.700000  8.694421  //percola//0.000000 0.435670 0.143000 0.096333 0.072000 0.063000 0.061333 0.064000 0.071666 0.089333 0.104000 0.143666 0.147333 0.122333 0.076666 0.017667 

0.750000  10.495423  //percola//0.000000 0.281335 0.079333 0.058333 0.042333 0.035333 0.034667 0.043667 0.043000 0.065000 0.082000 0.123666 0.182667 0.187001 0.132333 0.053000 

0.800000  11.853065  //percola//0.000000 0.189667 0.050667 0.028667 0.023000 0.015667 0.020000 0.020667 0.025333 0.040667 0.060667 0.088666 0.158667 0.240001 0.197667 0.110333 

0.850000  13.140350  //percola//0.000000 0.093333 0.025333 0.015333 0.009000 0.006000 0.010667 0.010333 0.009667 0.019000 0.028000 0.054667 0.112333 0.201334 0.270669 0.208001 

0.900000  14.328296  //percola//0.000000 0.034333 0.005000 0.003667 0.001000 0.001000 0.002000 0.002000 0.001000 0.003667 0.004000 0.019667 0.045667 0.123333 0.277669 0.338336 

0.950000  15.199848  //percola//0.000000 0.008667 0.001333 0.000667 0.000000 0.000000 0.000000 0.000000 0.000000 0.000333 0.001333 0.004000 0.005667 0.037333 0.133333 0.363670 

0.000000  0.000000  //no percola//0.000000 0.000000 0.000000 0.000000 0.000000 0.000000 0.000000 0.000000 0.000000 0.000000 0.000000 0.000000 0.000000 0.000000 0.000000 0.000000 

0.050000  0.005000  //no percola//0.000000 0.681997 0.046333 0.005333 0.000000 0.000000 0.000000 0.000000 0.000000 0.000000 0.000000 0.000000 0.000000 0.000000 0.000000 0.000000 

0.100000  0.007333  //no percola//0.000000 1.154653 0.165667 0.030667 0.007333 0.001000 0.000333 0.000000 0.000000 0.000000 0.000000 0.000000 0.000000 0.000000 0.000000 0.000000 

0.150000  0.023667  //no percola//0.000000 1.496314 0.277668 0.075333 0.022333 0.004667 0.003000 0.000667 0.000667 0.000000 0.000000 0.000000 0.000000 0.000000 0.000000 0.000000 

0.200000  0.084667  //no percola//0.000000 1.653979 0.386003 0.126666 0.055333 0.020333 0.010000 0.005333 0.001333 0.000333 0.000000 0.000000 0.000000 0.000000 0.000000 0.000000 

0.250000  0.137667  //no percola//0.000000 1.725983 0.457338 0.185667 0.096666 0.039000 0.020667 0.008000 0.003333 0.001000 0.000000 0.000000 0.000000 0.000000 0.000000 0.000000 

0.300000  0.348000  //no percola//0.000000 1.689981 0.496005 0.254001 0.118333 0.068000 0.039667 0.020333 0.012000 0.006333 0.002000 0.000333 0.000000 0.000333 0.000000 0.000000 

0.350000  0.678333  //no percola//0.000000 1.649980 0.491338 0.270002 0.144666 0.101333 0.070000 0.036333 0.020667 0.015333 0.007000 0.003000 0.000667 0.000000 0.000000 0.000000 

0.400000  1.102998  //no percola//0.000000 1.489650 0.465337 0.296335 0.195001 0.116666 0.085333 0.059667 0.043000 0.019667 0.013333 0.007333 0.002667 0.001333 0.000333 0.000000 

0.450000  1.817999  //no percola//0.000000 1.320984 0.450004 0.294668 0.188000 0.139000 0.103666 0.072666 0.063333 0.043333 0.026667 0.018667 0.008333 0.001333 0.000333 0.000000 

0.500000  2.882007  //no percola//0.000000 1.107657 0.421003 0.250335 0.183667 0.139666 0.126333 0.086333 0.078666 0.069000 0.050000 0.037000 0.022667 0.004667 0.002333 0.000000 

0.550000  4.266675  //no percola//0.000000 0.931993 0.326669 0.218001 0.153667 0.126666 0.111666 0.100666 0.098333 0.092333 0.078666 0.059333 0.045000 0.022000 0.006667 0.001000 

0.600000  5.609345  //percola//0.000000 0.764996 0.242001 0.171333 0.126666 0.112000 0.113666 0.097000 0.089333 0.099666 0.105333 0.093666 0.077333 0.039667 0.017000 0.001000 

0.650000  7.008726  //percola//0.000000 0.572335 0.202334 0.142666 0.098666 0.082000 0.082666 0.082666 0.090000 0.105666 0.120000 0.119000 0.110000 0.073000 0.034667 0.010333 

0.700000  8.749088  //percola//0.000000 0.438003 0.143333 0.098666 0.072000 0.055000 0.055333 0.055667 0.069666 0.091000 0.104333 0.140333 0.161333 0.128000 0.066333 0.022000 

0.750000  10.457419  //percola//0.000000 0.278334 0.094666 0.055000 0.043000 0.036667 0.031000 0.047000 0.050667 0.058667 0.095666 0.118666 0.166667 0.192334 0.127666 0.060333 

0.800000  11.910045  //percola//0.000000 0.176334 0.044667 0.032000 0.021000 0.017000 0.018333 0.022333 0.026000 0.040000 0.049333 0.111333 0.165000 0.213001 0.206668 0.109333 

0.850000  13.199334  //percola//0.000000 0.101000 0.021667 0.017000 0.008333 0.008000 0.008000 0.008000 0.010000 0.017333 0.031667 0.049333 0.110000 0.195667 0.284002 0.205334 

0.900000  14.233300  //percola//0.000000 0.045333 0.006333 0.001333 0.002667 0.003333 0.001667 0.002333 0.001333 0.003667 0.007667 0.028333 0.050667 0.132000 0.259002 0.335670 

0.950000  15.164537  //percola//0.000000 0.012000 0.000333 0.000000 0.000000 0.000333 0.000667 0.000333 0.000000 0.000000 0.000333 0.002000 0.011000 0.034333 0.140666 0.381004 

