0.100000 0.000074 0.000000 1.218773 0.129926 0.023741 0.003926 0.000333 0.000000 0.000000 0.000000 0.000000 0.000000 0.000000 0.000000 0.000000 0.000000 0.000000 0.000000 
0.110000 0.000000 0.000000 1.314218 0.158524 0.029481 0.007370 0.000000 0.000000 0.000000 0.000000 0.000000 0.000000 0.000000 0.000000 0.000000 0.000000 0.000000 0.000000 
0.120000 0.000000 0.000000 1.368995 0.184641 0.048000 0.014778 0.003704 0.000000 0.000000 0.000000 0.000000 0.000000 0.000000 0.000000 0.000000 0.000000 0.000000 0.000000 
0.130000 0.000000 0.000000 1.419951 0.206608 0.062703 0.022148 0.003667 0.000000 0.000000 0.000000 0.000000 0.000000 0.000000 0.000000 0.000000 0.000000 0.000000 0.000000 
0.140000 0.003667 0.000000 1.494757 0.232502 0.081296 0.018481 0.003704 0.000000 0.000000 0.000000 0.000000 0.000000 0.000000 0.000000 0.000000 0.000000 0.000000 0.000000 
0.150000 0.003704 0.000000 1.520466 0.262099 0.103259 0.022074 0.003704 0.000000 0.000000 0.000000 0.000000 0.000000 0.000000 0.000000 0.000000 0.000000 0.000000 0.000000 
0.160000 0.003704 0.000000 1.586658 0.272952 0.110666 0.022185 0.007333 0.000000 0.000000 0.000000 0.000000 0.000000 0.000000 0.000000 0.000000 0.000000 0.000000 0.000000 
0.170000 0.003667 0.000000 1.623592 0.280583 0.132853 0.025852 0.007407 0.000000 0.000000 0.000000 0.000000 0.000000 0.000000 0.000000 0.000000 0.000000 0.000000 0.000000 
0.180000 0.003704 0.000000 1.660420 0.295178 0.132890 0.036815 0.007407 0.000000 0.000000 0.000000 0.000000 0.000000 0.000000 0.000000 0.000000 0.000000 0.000000 0.000000 
0.190000 0.003667 0.000000 1.708756 0.291362 0.144003 0.036889 0.014741 0.003704 0.000000 0.000000 0.000000 0.000000 0.000000 0.000000 0.000000 0.000000 0.000000 0.000000 
0.200000 0.003704 0.000000 1.742135 0.310069 0.151115 0.048037 0.018518 0.003667 0.000000 0.000000 0.000000 0.000000 0.000000 0.000000 0.000000 0.000000 0.000000 0.000000 
0.210000 0.007370 0.000000 1.817904 0.332295 0.169897 0.036889 0.025778 0.003704 0.000000 0.000000 0.000000 0.000000 0.000000 0.000000 0.000000 0.000000 0.000000 0.000000 
0.220000 0.007370 0.000000 1.864455 0.361337 0.180862 0.040518 0.025852 0.003704 0.000000 0.000000 0.000000 0.000000 0.000000 0.000000 0.000000 0.000000 0.000000 0.000000 
0.230000 0.011111 0.000000 1.866685 0.380451 0.184381 0.051740 0.025889 0.007370 0.000000 0.000000 0.000000 0.000000 0.000000 0.000000 0.000000 0.000000 0.000000 0.000000 
0.240000 0.018444 0.000000 1.863475 0.383525 0.195605 0.062740 0.029444 0.011037 0.000000 0.000000 0.000000 0.000000 0.000000 0.000000 0.000000 0.000000 0.000000 0.000000 
0.250000 0.025778 0.000000 1.878432 0.409678 0.203088 0.062740 0.029555 0.011111 0.000000 0.000000 0.000000 0.000000 0.000000 0.000000 0.000000 0.000000 0.000000 0.000000 
0.260000 0.029630 0.000000 1.870372 0.431906 0.221313 0.073740 0.029481 0.011074 0.000000 0.000000 0.000000 0.000000 0.000000 0.000000 0.000000 0.000000 0.000000 0.000000 
0.270000 0.036741 0.000000 1.819972 0.468320 0.239872 0.081259 0.029555 0.014741 0.000000 0.000000 0.000000 0.000000 0.000000 0.000000 0.000000 0.000000 0.000000 0.000000 
0.280000 0.044296 0.000000 1.841119 0.491249 0.254466 0.081259 0.033222 0.018444 0.000000 0.000000 0.000000 0.000000 0.000000 0.000000 0.000000 0.000000 0.000000 0.000000 
0.290000 0.048111 0.000000 1.844262 0.498028 0.265802 0.092259 0.036889 0.014741 0.003704 0.000000 0.000000 0.000000 0.000000 0.000000 0.000000 0.000000 0.000000 0.000000 
0.300000 0.051444 0.000000 1.801531 0.531384 0.262061 0.106999 0.040592 0.022148 0.003667 0.000000 0.000000 0.000000 0.000000 0.000000 0.000000 0.000000 0.000000 0.000000 
0.310000 0.059185 0.000000 1.815139 0.520499 0.261837 0.118036 0.040592 0.033296 0.007370 0.000000 0.000000 0.000000 0.000000 0.000000 0.000000 0.000000 0.000000 0.000000 
0.320000 0.062778 0.000000 1.778487 0.531162 0.254911 0.136520 0.051592 0.040481 0.003704 0.003704 0.000000 0.000000 0.000000 0.000000 0.000000 0.000000 0.000000 0.000000 
0.330000 0.066222 0.000000 1.764288 0.550081 0.258282 0.140187 0.048074 0.051740 0.003667 0.003667 0.000000 0.000000 0.000000 0.000000 0.000000 0.000000 0.000000 0.000000 
0.340000 0.077704 0.000000 1.778137 0.531310 0.261801 0.136668 0.051555 0.062703 0.003704 0.003704 0.000000 0.000000 0.000000 0.000000 0.000000 0.000000 0.000000 0.000000 
0.350000 0.077444 0.000000 1.719744 0.553375 0.277136 0.132816 0.070111 0.062703 0.007407 0.003704 0.000000 0.000000 0.000000 0.000000 0.000000 0.000000 0.000000 0.000000 
0.360000 0.084741 0.000000 1.686671 0.546415 0.291583 0.140150 0.081111 0.062777 0.003667 0.007333 0.000000 0.000000 0.000000 0.000000 0.000000 0.000000 0.000000 0.000000 
0.370000 0.092444 0.000000 1.678158 0.538751 0.313440 0.136631 0.081222 0.059000 0.007407 0.011111 0.000000 0.000000 0.000000 0.000000 0.000000 0.000000 0.000000 0.000000 
0.380000 0.099370 0.000000 1.646257 0.534937 0.302881 0.162414 0.092333 0.059074 0.007407 0.011037 0.000000 0.000000 0.000000 0.000000 0.000000 0.000000 0.000000 0.000000 
0.390000 0.107148 0.000000 1.638101 0.528199 0.302325 0.173341 0.088444 0.066481 0.011037 0.011111 0.003667 0.000000 0.000000 0.000000 0.000000 0.000000 0.000000 0.000000 
0.400000 0.129296 0.000000 1.619730 0.523498 0.302696 0.173490 0.084963 0.069926 0.014778 0.011074 0.003704 0.000000 0.000000 0.000000 0.000000 0.000000 0.000000 0.000000 
0.410000 0.151037 0.000000 1.561495 0.535270 0.324886 0.162340 0.084963 0.062777 0.022148 0.011074 0.007370 0.000000 0.000000 0.000000 0.000000 0.000000 0.000000 0.000000 
0.420000 0.162704 0.000000 1.523506 0.524535 0.346518 0.151263 0.092037 0.062740 0.029444 0.014741 0.003704 0.003667 0.000000 0.000000 0.000000 0.000000 0.000000 0.000000 
0.430000 0.176852 0.000000 1.457803 0.505171 0.365447 0.147818 0.099629 0.070185 0.029592 0.014778 0.007370 0.003704 0.000000 0.000000 0.000000 0.000000 0.000000 0.000000 
0.440000 0.202926 0.000000 1.442581 0.490914 0.365410 0.136446 0.096037 0.081222 0.033185 0.011037 0.007370 0.003704 0.000000 0.000000 0.000000 0.000000 0.000000 0.000000 
0.450000 0.221741 0.000000 1.368619 0.483577 0.361705 0.147522 0.103074 0.081111 0.029481 0.018481 0.007407 0.003667 0.000000 0.000000 0.000000 0.000000 0.000000 0.000000 
0.460000 0.243111 0.000000 1.336473 0.457314 0.350851 0.155115 0.110925 0.077518 0.036926 0.014778 0.007370 0.003704 0.000000 0.000000 0.000000 0.000000 0.000000 0.000000 
0.470000 0.254741 0.000000 1.280356 0.457980 0.328106 0.173303 0.107036 0.081185 0.033222 0.029444 0.007370 0.003704 0.000000 0.000000 0.000000 0.000000 0.000000 0.000000 
0.480000 0.284296 0.000000 1.261613 0.420492 0.317511 0.151300 0.092148 0.081111 0.044370 0.040592 0.007407 0.003667 0.000000 0.000000 0.000000 0.000000 0.000000 0.000000 
0.490000 0.328185 0.000000 1.177387 0.391190 0.284210 0.173341 0.088666 0.077518 0.036815 0.040741 0.011074 0.003704 0.000000 0.000000 0.000000 0.000000 0.000000 0.000000 
0.500000 0.365407 0.000000 1.110525 0.369112 0.269171 0.173601 0.103296 0.073814 0.036926 0.033148 0.003667 0.007407 0.003667 0.000000 0.000000 0.000000 0.000000 0.000000 
0.510000 0.376407 0.000000 1.051631 0.350406 0.280654 0.176935 0.099555 0.073926 0.047963 0.029481 0.007407 0.007333 0.003704 0.000000 0.000000 0.000000 0.000000 0.000000 
0.520000 0.391074 0.000000 1.003986 0.343480 0.254650 0.188159 0.103407 0.073703 0.047926 0.033259 0.011111 0.000000 0.007370 0.000000 0.000000 0.000000 0.000000 0.000000 
0.530000 0.402222 0.000000 0.966547 0.332256 0.254687 0.166229 0.114333 0.077555 0.059000 0.033185 0.011000 0.000000 0.007407 0.000000 0.000000 0.000000 0.000000 0.000000 
0.540000 0.417037 0.000000 0.933809 0.339295 0.247167 0.151189 0.110629 0.088592 0.066444 0.033222 0.014778 0.000000 0.007370 0.000000 0.000000 0.000000 0.000000 0.000000 
0.550000 0.446333 0.000000 0.889528 0.332330 0.239943 0.155041 0.092370 0.092185 0.059000 0.036889 0.018481 0.000000 0.007370 0.000000 0.000000 0.000000 0.000000 0.000000 
0.560000 0.498407 0.000000 0.848124 0.313624 0.221458 0.147521 0.088444 0.088592 0.051740 0.040518 0.014704 0.000000 0.003704 0.000000 0.000000 0.000000 0.000000 0.000000 
0.570000 0.523889 0.000000 0.797353 0.287657 0.213828 0.151411 0.092333 0.099555 0.040555 0.033259 0.018518 0.000000 0.003704 0.000000 0.000000 0.000000 0.000000 0.000000 
0.580000 0.542259 0.000000 0.760324 0.277174 0.214050 0.143817 0.103407 0.099666 0.036926 0.029592 0.018407 0.000000 0.000000 0.000000 0.000000 0.000000 0.000000 0.000000 
0.590000 0.583185 0.000000 0.722849 0.261763 0.195714 0.140187 0.092148 0.099592 0.036889 0.022074 0.011074 0.000000 0.000000 0.000000 0.000000 0.000000 0.000000 0.000000 
0.600000 0.605074 0.000000 0.708854 0.247241 0.173340 0.151374 0.081185 0.092296 0.033185 0.025852 0.011111 0.000000 0.000000 0.000000 0.000000 0.000000 0.000000 0.000000 
0.610000 0.612630 0.000000 0.678673 0.229016 0.177118 0.147632 0.088666 0.088518 0.029481 0.033222 0.007370 0.003667 0.000000 0.000000 0.000000 0.000000 0.000000 0.000000 
0.620000 0.638407 0.000000 0.609130 0.221088 0.180822 0.129037 0.092111 0.084888 0.025852 0.022185 0.007370 0.014778 0.000000 0.000000 0.000000 0.000000 0.000000 0.000000 
0.630000 0.675074 0.000000 0.590431 0.210679 0.155041 0.110740 0.088592 0.073889 0.022111 0.025815 0.007407 0.011074 0.003704 0.000000 0.000000 0.000000 0.000000 0.000000 
0.640000 0.701259 0.000000 0.534563 0.191899 0.143965 0.110703 0.081222 0.069963 0.025889 0.022111 0.003667 0.011037 0.003704 0.000000 0.000000 0.000000 0.000000 0.000000 
0.650000 0.726889 0.000000 0.513497 0.162154 0.144002 0.106888 0.062740 0.066555 0.025778 0.022148 0.003704 0.014778 0.003667 0.000000 0.000000 0.000000 0.000000 0.000000 
0.660000 0.759963 0.000000 0.494683 0.140446 0.136482 0.081333 0.055333 0.055370 0.018444 0.022185 0.007407 0.018444 0.003704 0.000000 0.000000 0.000000 0.000000 0.000000 
0.670000 0.775037 0.000000 0.468235 0.121592 0.132926 0.066407 0.047963 0.051555 0.022185 0.022074 0.007333 0.018481 0.003704 0.000000 0.000000 0.000000 0.000000 0.000000 
0.680000 0.789630 0.000000 0.454308 0.118111 0.125333 0.062666 0.044333 0.048074 0.014741 0.025852 0.003704 0.018444 0.003667 0.000000 0.000000 0.000000 0.000000 0.000000 
0.690000 0.811778 0.000000 0.446528 0.095962 0.121814 0.048074 0.033259 0.051629 0.011074 0.022148 0.003704 0.018407 0.007407 0.000000 0.000000 0.000000 0.000000 0.000000 
0.700000 0.826704 0.000000 0.420710 0.092185 0.118148 0.044111 0.036778 0.040518 0.011111 0.025815 0.000000 0.018481 0.003667 0.000000 0.000000 0.000000 0.000000 0.000000 
0.710000 0.841148 0.000000 0.372740 0.088592 0.092259 0.048111 0.029555 0.037000 0.014704 0.025815 0.003704 0.018481 0.003704 0.000000 0.000000 0.000000 0.000000 0.000000 
0.720000 0.859741 0.000000 0.354109 0.070222 0.088518 0.044370 0.029518 0.029518 0.014778 0.022148 0.000000 0.022111 0.003704 0.000000 0.000000 0.000000 0.000000 0.000000 
0.730000 0.878296 0.000000 0.324807 0.062592 0.092296 0.036815 0.025815 0.025778 0.011074 0.022148 0.000000 0.018481 0.003667 0.000000 0.000000 0.000000 0.000000 0.000000 
0.740000 0.896667 0.000000 0.299061 0.055370 0.084926 0.033296 0.029555 0.018481 0.011037 0.022111 0.000000 0.007333 0.007407 0.000000 0.000000 0.000000 0.000000 0.000000 
0.750000 0.904148 0.000000 0.261833 0.051740 0.073703 0.014704 0.040518 0.014704 0.011074 0.022148 0.000000 0.007407 0.007370 0.000000 0.000000 0.000000 0.000000 0.000000 
0.760000 0.918741 0.000000 0.240015 0.044111 0.070333 0.014778 0.029555 0.014778 0.011074 0.018481 0.000000 0.007370 0.007370 0.000000 0.000000 0.000000 0.000000 0.000000 
0.770000 0.933556 0.000000 0.217754 0.036926 0.066370 0.014778 0.011074 0.014815 0.011074 0.011037 0.003704 0.007370 0.007407 0.000000 0.000000 0.000000 0.000000 0.000000 
0.780000 0.944667 0.000000 0.199307 0.036963 0.055259 0.011037 0.003667 0.011074 0.007370 0.014778 0.003667 0.007407 0.007370 0.000000 0.000000 0.000000 0.000000 0.000000 
0.790000 0.955704 0.000000 0.191861 0.036815 0.051778 0.007407 0.003704 0.011037 0.003704 0.011037 0.003704 0.003704 0.007370 0.000000 0.000000 0.000000 0.000000 0.000000 
0.800000 0.959444 0.000000 0.191898 0.036963 0.047852 0.007370 0.003704 0.003667 0.003704 0.011074 0.003704 0.003667 0.007370 0.000000 0.000000 0.000000 0.000000 0.000000 
0.810000 0.966815 0.000000 0.169821 0.040518 0.033259 0.007370 0.003667 0.000000 0.003667 0.007407 0.003667 0.003704 0.007370 0.000000 0.000000 0.000000 0.000000 0.000000 
0.820000 0.977815 0.000000 0.151263 0.036889 0.029555 0.003704 0.000000 0.000000 0.003704 0.003667 0.003704 0.003704 0.007407 0.000000 0.000000 0.000000 0.000000 0.000000 
0.830000 0.977926 0.000000 0.143743 0.025889 0.025778 0.003704 0.000000 0.000000 0.003667 0.003704 0.003667 0.003667 0.007370 0.000000 0.000000 0.000000 0.000000 0.000000 
0.839999 0.981519 0.000000 0.121925 0.022111 0.022222 0.003667 0.000000 0.000000 0.003704 0.003704 0.000000 0.007407 0.003667 0.000000 0.000000 0.000000 0.000000 0.000000 
0.849999 0.981556 0.000000 0.121740 0.022111 0.014741 0.003704 0.000000 0.000000 0.003704 0.000000 0.003667 0.007370 0.003704 0.000000 0.000000 0.000000 0.000000 0.000000 
0.859999 0.981556 0.000000 0.118036 0.018518 0.007370 0.003667 0.000000 0.000000 0.003667 0.000000 0.003704 0.007370 0.003704 0.000000 0.000000 0.000000 0.000000 0.000000 
0.869999 0.985259 0.000000 0.114407 0.018370 0.003704 0.000000 0.000000 0.000000 0.000000 0.000000 0.007370 0.003704 0.003667 0.000000 0.000000 0.000000 0.000000 0.000000 
0.879999 0.992630 0.000000 0.099555 0.014778 0.000000 0.000000 0.000000 0.000000 0.000000 0.000000 0.003704 0.003667 0.000000 0.000000 0.000000 0.000000 0.000000 0.000000 
0.889999 0.992630 0.000000 0.092333 0.014778 0.000000 0.000000 0.000000 0.000000 0.000000 0.000000 0.003667 0.003704 0.000000 0.000000 0.000000 0.000000 0.000000 0.000000 
0.899999 0.996296 0.000000 0.070185 0.011037 0.003667 0.000000 0.000000 0.000000 0.000000 0.000000 0.000000 0.003704 0.000000 0.000000 0.000000 0.000000 0.000000 0.000000 
0.909999 0.996333 0.000000 0.051629 0.011111 0.003704 0.000000 0.000000 0.000000 0.000000 0.000000 0.000000 0.003667 0.000000 0.000000 0.000000 0.000000 0.000000 0.000000 
0.919999 0.996296 0.000000 0.036852 0.003667 0.003704 0.000000 0.000000 0.000000 0.000000 0.000000 0.000000 0.003704 0.000000 0.000000 0.000000 0.000000 0.000000 0.000000 
0.929999 0.996333 0.000000 0.022074 0.000000 0.000000 0.000000 0.000000 0.000000 0.000000 0.000000 0.000000 0.003667 0.000000 0.000000 0.000000 0.000000 0.000000 0.000000 
0.939999 0.996296 0.000000 0.014778 0.000000 0.000000 0.000000 0.000000 0.000000 0.000000 0.000000 0.000000 0.003704 0.000000 0.000000 0.000000 0.000000 0.000000 0.000000 
0.949999 1.000000 0.000000 0.014815 0.000000 0.000000 0.000000 0.000000 0.000000 0.000000 0.000000 0.000000 0.000000 0.000000 0.000000 0.000000 0.000000 0.000000 0.000000 
0.959999 1.000000 0.000000 0.014704 0.000000 0.000000 0.000000 0.000000 0.000000 0.000000 0.000000 0.000000 0.000000 0.000000 0.000000 0.000000 0.000000 0.000000 0.000000 
0.969999 1.000000 0.000000 0.007370 0.000000 0.000000 0.000000 0.000000 0.000000 0.000000 0.000000 0.000000 0.000000 0.000000 0.000000 0.000000 0.000000 0.000000 0.000000 
0.979999 1.000000 0.000000 0.003704 0.000000 0.000000 0.000000 0.000000 0.000000 0.000000 0.000000 0.000000 0.000000 0.000000 0.000000 0.000000 0.000000 0.000000 0.000000 
0.989999 1.000000 0.000000 0.000000 0.000000 0.000000 0.000000 0.000000 0.000000 0.000000 0.000000 0.000000 0.000000 0.000000 0.000000 0.000000 0.000000 0.000000 0.000000 
0.999999 1.000000 0.000000 0.000000 0.000000 0.000000 0.000000 0.000000 0.000000 0.000000 0.000000 0.000000 0.000000 0.000000 0.000000 0.000000 0.000000 0.000000 0.000000 
