0.500000 13.182300 0.994003 
0.510000 28.702766 0.498058 
0.520000 47.186234 0.332469 
0.530000 69.955635 0.249513 
0.540000 98.305664 0.199688 
0.550000 133.276428 0.166450 
0.560000 177.597137 0.142698 
0.570000 234.516663 0.124878 
0.580000 307.902863 0.111015 
0.590000 401.070923 0.099922 
0.600000 519.395996 0.090845 
0.610000 666.845459 0.083279 
0.620000 849.916992 0.076877 
0.630000 1070.170776 0.071389 
0.640000 1329.561646 0.066632 
0.650000 1630.140381 0.062470 
0.660000 1973.540527 0.058797 
0.670000 2358.530762 0.055531 
0.680000 2782.115967 0.052610 
0.690000 3240.416992 0.049981 
0.700000 3733.739502 0.047601 
0.710000 4261.132812 0.045438 
0.720000 4818.312500 0.043464 
0.730000 5404.766602 0.041653 
0.740000 6018.120117 0.039988 
0.750000 6658.101562 0.038450 
0.760000 7321.866211 0.037026 
0.770000 8008.947266 0.035704 
0.780000 8715.522461 0.034473 
0.790000 9445.180664 0.033325 
0.800000 10194.258789 0.032250 
0.810000 10963.558594 0.031242 
0.820000 11750.322266 0.030296 
0.830000 12553.101562 0.029405 
0.840000 13373.938477 0.028565 
0.850000 14210.484375 0.027772 
0.860000 15062.126953 0.027021 
0.870000 15927.968750 0.026310 
0.880000 16809.257812 0.025636 
0.890000 17704.648438 0.024995 
0.900000 18612.873047 0.024386 
0.910000 19534.335938 0.023805 
0.920000 20468.417969 0.023252 
0.930000 21414.695312 0.022723 
0.940000 22372.916016 0.022218 
0.950000 23342.978516 0.021735 
0.960000 24324.373047 0.021273 
0.970000 25316.761719 0.020830 
0.980000 26319.935547 0.020405 
0.990000 27333.603516 0.019997 
1.000000 28357.603516 0.019605 
