0.250000 1.824200 0.990001 
0.260000 3.702900 0.495417 
0.270000 5.642367 0.330549 
0.280000 7.647200 0.248088 
0.290000 9.724000 0.198604 
0.300000 11.870067 0.165602 
0.310000 14.095266 0.142018 
0.320000 16.407534 0.124326 
0.330000 18.800167 0.110558 
0.340000 21.276533 0.099539 
0.350000 23.847666 0.090520 
0.360000 26.517666 0.083002 
0.370000 29.288633 0.076638 
0.380000 32.164799 0.071181 
0.390000 35.151833 0.066450 
0.400000 38.249866 0.062309 
0.410000 41.469967 0.058653 
0.420000 44.821968 0.055403 
0.430000 48.310902 0.052495 
0.440000 51.943600 0.049876 
0.450000 55.725166 0.047507 
0.460000 59.665699 0.045352 
0.470000 63.754166 0.043384 
0.480000 67.995369 0.041580 
0.490000 72.409569 0.039920 
0.500000 76.992432 0.038388 
0.510000 81.754967 0.036969 
0.520000 86.707664 0.035651 
0.530000 91.858765 0.034423 
0.540000 97.206497 0.033278 
0.550000 102.748367 0.032206 
0.560000 108.499565 0.031201 
0.570000 114.462997 0.030257 
0.580000 120.639870 0.029368 
0.590000 127.032204 0.028531 
0.600000 133.643539 0.027739 
0.610000 140.497574 0.026990 
0.620000 147.603699 0.026281 
0.630000 154.949829 0.025608 
0.640000 162.541306 0.024969 
0.650000 170.391327 0.024360 
0.660000 178.502029 0.023781 
0.670000 186.870331 0.023229 
0.680000 195.501938 0.022701 
0.690000 204.402435 0.022197 
0.700000 213.567734 0.021715 
0.710000 223.019608 0.021254 
0.720000 232.727463 0.020812 
0.730000 242.699097 0.020387 
0.740000 252.941238 0.019980 
0.750000 263.459381 0.019589 
0.760000 274.259003 0.019212 
0.770000 285.320465 0.018850 
0.779999 296.643585 0.018501 
0.789999 308.219086 0.018165 
0.799999 320.051361 0.017841 
0.809999 332.138611 0.017528 
0.819999 344.485199 0.017226 
0.829999 357.077454 0.016935 
0.839999 369.916077 0.016653 
0.849999 382.989227 0.016380 
0.859999 396.297913 0.016116 
0.869999 409.842224 0.015860 
0.879999 423.605042 0.015613 
0.889999 437.583435 0.015373 
0.899999 451.768280 0.015140 
0.909999 466.162109 0.014914 
0.919999 480.751190 0.014695 
0.929999 495.541473 0.014482 
0.939999 510.516907 0.014275 
0.949999 525.678528 0.014075 
0.959999 541.017761 0.013879 
0.969999 556.531799 0.013689 
0.979999 572.212646 0.013504 
0.989999 588.057129 0.013324 
0.999999 604.057068 0.013149 
