0.500000 13.739567 0.797809 
0.510000 29.524134 0.436287 
0.520000 48.660435 0.303761 
0.530000 71.601433 0.232988 
0.540000 102.236931 0.188962 
0.550000 142.338364 0.158930 
0.560000 199.892868 0.137135 
0.570000 286.237518 0.120597 
0.580000 418.878571 0.107619 
0.590000 626.796143 0.097162 
0.600000 945.607849 0.088558 
0.610000 1416.644409 0.081353 
0.620000 2061.652832 0.075233 
0.630000 2908.949219 0.069969 
0.640000 3954.576172 0.065393 
0.650000 5200.169434 0.061380 
0.660000 6613.793457 0.057830 
0.670000 8206.041992 0.054669 
0.680000 9939.642578 0.051835 
0.690000 11825.562500 0.049280 
0.700000 13847.662109 0.046966 
0.710000 15992.789062 0.044859 
0.720000 18258.687500 0.042933 
0.730000 20640.412109 0.041166 
0.740000 23120.253906 0.039538 
0.750000 25709.980469 0.038034 
0.760000 28384.316406 0.036641 
0.770000 31145.748047 0.035346 
0.780000 34000.898438 0.034139 
0.790000 36928.328125 0.033012 
0.800000 39945.914062 0.031957 
0.810000 43032.441406 0.030967 
0.820000 46183.511719 0.030037 
0.830000 49409.742188 0.029161 
0.840000 52698.554688 0.028335 
0.850000 56054.003906 0.027554 
0.860000 59469.058594 0.026815 
0.870000 62938.394531 0.026115 
0.880000 66470.234375 0.025450 
0.890000 70052.656250 0.024819 
0.900000 -69477.664062 0.024218 
0.910000 -65788.109375 0.023645 
0.920000 -62053.343750 0.023099 
0.930000 -58265.656250 0.022577 
0.940000 -54432.925781 0.022079 
0.950000 -50553.832031 0.021602 
0.960000 -46628.441406 0.021145 
0.970000 -42659.984375 0.020707 
0.980000 -38647.148438 0.020287 
0.990000 -34592.789062 0.019884 
1.000000 -30496.791016 0.019496 
