0.400000 4.656267 0.990720 
0.410000 9.624766 0.494601 
0.420000 15.001133 0.330925 
0.430000 20.859100 0.248643 
0.440000 27.273933 0.199130 
0.450000 34.275532 0.166062 
0.460000 42.003632 0.142413 
0.470000 50.592602 0.124660 
0.480000 60.060467 0.110842 
0.490000 70.712463 0.099782 
0.500000 82.665932 0.090729 
0.510000 96.133499 0.083182 
0.520000 111.411499 0.076794 
0.530000 128.963104 0.071317 
0.540000 149.079865 0.066570 
0.550000 172.093826 0.062415 
0.560000 198.593933 0.058748 
0.570000 228.848969 0.055488 
0.580000 263.728394 0.052571 
0.590000 303.752380 0.049945 
0.600000 349.726776 0.047570 
0.610000 402.088928 0.045409 
0.620000 461.236847 0.043437 
0.630000 527.600464 0.041629 
0.640000 601.341125 0.039965 
0.650000 683.039490 0.038429 
0.660000 773.526978 0.037007 
0.670000 871.906677 0.035686 
0.680000 979.230408 0.034457 
0.690000 1094.461060 0.033309 
0.700000 1217.852051 0.032235 
0.710000 1348.810303 0.031229 
0.720000 1486.986816 0.030283 
0.730000 1632.497681 0.029393 
0.740000 1784.534302 0.028554 
0.750000 1943.220825 0.027761 
0.760000 2107.998047 0.027011 
0.770000 2278.530029 0.026301 
0.780000 2454.766602 0.025627 
0.790000 2636.538086 0.024986 
0.800000 2823.135986 0.024377 
0.810000 3014.709717 0.023797 
0.820000 3210.522705 0.023244 
0.830000 3411.272461 0.022716 
0.840000 3616.293213 0.022211 
0.850000 3825.352295 0.021729 
0.860000 4038.226562 0.021267 
0.870000 4254.819336 0.020824 
0.880000 4475.018555 0.020399 
0.890000 4698.376953 0.019991 
0.900000 4925.239258 0.019599 
0.910000 5155.302246 0.019223 
0.920000 5388.542969 0.018860 
0.930000 5624.896484 0.018511 
0.940000 5864.129395 0.018175 
0.950000 6106.434570 0.017850 
0.960000 6351.607910 0.017537 
0.969999 6599.590332 0.017235 
0.979999 6850.287598 0.016943 
0.989999 7103.698730 0.016661 
0.999999 7359.698242 0.016388 
