0.570000 1086.694458 0.165361 
0.580000 1231.814087 0.105740 
0.590000 1399.553467 0.085960 
0.600000 1578.860107 0.075569 
0.610000 1760.825073 0.068886 
0.620000 1946.866577 0.063909 
0.630000 2117.382324 0.059873 
0.640000 2268.110107 0.056420 
0.650000 2390.980225 0.053386 
0.660000 2495.111328 0.050674 
0.670000 2581.276123 0.048230 
0.680000 2656.543457 0.046010 
0.690000 2722.061279 0.043986 
0.700000 2783.339844 0.042133 
0.710000 2840.295898 0.040430 
0.720000 2893.209717 0.038859 
0.730000 2944.264648 0.037405 
0.740000 2993.725586 0.036056 
0.750000 3041.693359 0.034802 
0.760000 3087.767090 0.033631 
0.770000 3133.305176 0.032537 
0.780000 3178.485352 0.031512 
0.790000 3222.204834 0.030549 
0.800000 3265.736572 0.029643 
0.810000 3309.062500 0.028790 
0.820000 3351.736816 0.027984 
0.830000 3394.135742 0.027222 
0.840000 3436.313965 0.026501 
0.850000 3478.104980 0.025817 
0.860000 3520.043213 0.025167 
0.870000 3561.558594 0.024549 
0.880000 3603.079590 0.023961 
0.890000 3644.392090 0.023400 
0.900000 3685.697754 0.022865 
0.910000 3726.793701 0.022354 
0.920000 3768.120361 0.021865 
0.930000 3809.048340 0.021398 
0.940000 3850.034424 0.020949 
0.950000 3891.093262 0.020519 
0.960000 3932.035645 0.020107 
0.970000 3973.205322 0.019711 
0.980000 4014.005371 0.019330 
0.990000 4055.062500 0.018963 
1.000000 4095.998291 0.018610 
