0.570000 3270.844971 0.052319 
0.580000 4063.666260 0.040519 
0.590000 5020.523438 0.037010 
0.600000 6124.726562 0.035167 
0.610000 7253.922852 0.033839 
0.620000 8231.002930 0.032703 
0.630000 8957.694336 0.031663 
0.640000 9480.998047 0.030691 
0.650000 9881.916016 0.029777 
0.660000 10211.156250 0.028916 
0.670000 10495.693359 0.028103 
0.680000 10753.083008 0.027335 
0.690000 10989.807617 0.026608 
0.700000 11211.333984 0.025918 
0.710000 11421.734375 0.025263 
0.720000 11622.941406 0.024641 
0.730000 11817.696289 0.024048 
0.740000 12006.927734 0.023484 
0.750000 12191.821289 0.022945 
0.760000 12372.960938 0.022430 
0.770000 12551.166016 0.021938 
0.780000 12726.872070 0.021467 
0.790000 12900.711914 0.021016 
0.800000 13072.486328 0.020583 
0.810000 13243.343750 0.020168 
0.820000 13412.893555 0.019769 
0.830000 13581.501953 0.019386 
0.840000 13749.018555 0.019018 
0.850000 13916.155273 0.018663 
0.860000 14082.297852 0.018321 
0.870000 14248.308594 0.017991 
0.880000 14413.692383 0.017673 
0.890000 14578.846680 0.017366 
0.900000 14743.607422 0.017070 
0.910000 14908.179688 0.016783 
0.920000 15072.667969 0.016506 
0.930000 15236.693359 0.016238 
0.940000 15400.726562 0.015979 
0.950000 15564.873047 0.015727 
0.960000 15728.689453 0.015484 
0.970000 15892.527344 0.015248 
0.980000 16056.364258 0.015019 
0.990000 16220.203125 0.014797 
1.000000 16383.992188 0.014581 
