0.500000 74.539833 0.083475 
0.510000 152.386795 0.047248 
0.520000 233.836502 0.035342 
0.530000 318.669556 0.029426 
0.540000 407.424072 0.025922 
0.550000 500.144867 0.023637 
0.560000 597.005493 0.022017 
0.570000 698.272949 0.020812 
0.580000 803.896118 0.019877 
0.590000 914.130127 0.019120 
0.600000 1029.174561 0.018495 
0.610000 1148.942139 0.017966 
0.620000 1273.956421 0.017507 
0.630000 1404.055420 0.017102 
0.640000 1539.373047 0.016739 
0.650000 1679.918213 0.016409 
0.660000 1825.648804 0.016106 
0.670000 1976.465942 0.015825 
0.680000 2132.296631 0.015560 
0.690000 2293.049072 0.015308 
0.700000 2458.637939 0.015069 
0.710000 2628.934326 0.014840 
0.720000 2803.664307 0.014619 
0.730000 2982.444092 0.014406 
0.740000 3165.116211 0.014200 
0.750000 3351.586182 0.014001 
0.760000 3541.598389 0.013807 
0.770000 3734.988281 0.013619 
0.780000 3931.548340 0.013436 
0.790000 4131.272461 0.013257 
0.800000 4334.052246 0.013084 
0.810000 4539.730957 0.012915 
0.820000 4748.271973 0.012750 
0.830000 4959.671387 0.012590 
0.840000 5173.863281 0.012433 
0.850000 5390.791504 0.012281 
0.860000 5610.387207 0.012132 
0.870000 5832.671875 0.011986 
0.880000 6057.639160 0.011844 
0.890000 6285.253906 0.011706 
0.900000 6515.468750 0.011570 
0.910000 6748.294434 0.011438 
0.920000 6983.740234 0.011308 
0.930000 7221.771973 0.011182 
0.940000 7462.369629 0.011058 
0.950000 7705.553711 0.010937 
0.960000 7951.299316 0.010819 
0.970000 8199.628906 0.010703 
0.980000 8450.502930 0.010590 
0.990000 8703.958008 0.010479 
1.000000 8959.957031 0.010370 
