0.570000 3177.671143 0.053968 
0.580000 7134.691895 0.041229 
0.590000 12117.440430 0.037511 
0.600000 18282.357422 0.035637 
0.610000 25586.478516 0.034281 
0.620000 33842.281250 0.033118 
0.630000 42791.007812 0.032055 
0.640000 52267.554688 0.031059 
0.650000 62150.347656 0.030123 
0.660000 -70804.562500 0.029243 
0.670000 -60309.316406 0.028412 
0.680000 -49558.910156 0.027627 
0.690000 -38571.023438 0.026884 
0.700000 -27361.742188 0.026180 
0.710000 -15941.344727 0.025512 
0.720000 -4319.577637 0.024878 
0.730000 7497.615234 0.024274 
0.740000 19504.693359 0.023698 
0.750000 31696.269531 0.023150 
0.760000 44069.097656 0.022626 
0.770000 56619.421875 0.022125 
0.780000 69345.195312 0.021647 
0.790000 -60920.898438 0.021188 
0.800000 -47849.460938 0.020748 
0.810000 -34607.312500 0.020327 
0.820000 -21195.408203 0.019922 
0.830000 -7615.362793 0.019532 
0.840000 6132.752930 0.019158 
0.850000 20047.394531 0.018798 
0.860000 34128.515625 0.018451 
0.870000 48375.863281 0.018117 
0.880000 62788.527344 0.017795 
0.890000 -65799.570312 0.017484 
0.900000 -51056.566406 0.017183 
0.910000 -36149.660156 0.016893 
0.920000 -21078.390625 0.016612 
0.930000 -5842.761230 0.016341 
0.940000 9557.056641 0.016078 
0.950000 25120.984375 0.015824 
0.960000 40849.050781 0.015577 
0.970000 56741.085938 0.015338 
0.980000 -70368.859375 0.015106 
0.990000 -54148.929688 0.014882 
1.000000 -37764.933594 0.014663 
