0.550000 92.866447 0.265758 
0.560000 97.049927 0.145666 
0.570000 101.073479 0.105230 
0.580000 105.798706 0.084730 
0.590000 110.428261 0.072408 
0.600000 115.355186 0.064172 
0.610000 120.098114 0.058186 
0.620000 125.033409 0.053644 
0.630000 130.042969 0.050031 
0.640000 135.198441 0.047046 
0.650000 140.432190 0.044537 
0.660000 145.641006 0.042370 
0.670000 150.838593 0.040467 
0.680000 156.026932 0.038778 
0.690000 160.704437 0.037250 
0.700000 165.589706 0.035863 
0.710000 170.066116 0.034589 
0.720000 174.527664 0.033413 
0.730000 178.571930 0.032321 
0.740000 182.573105 0.031301 
0.750000 186.270370 0.030347 
0.760000 189.834229 0.029451 
0.770000 193.243774 0.028607 
0.780000 196.444260 0.027810 
0.790000 199.647888 0.027057 
0.800000 202.705887 0.026345 
0.810000 205.637817 0.025668 
0.820000 208.532303 0.025026 
0.830000 211.380112 0.024415 
0.840000 214.169479 0.023833 
0.850000 216.905594 0.023278 
0.860000 219.642365 0.022749 
0.870000 222.288223 0.022243 
0.880000 224.951477 0.021759 
0.890000 227.587006 0.021295 
0.900000 230.214340 0.020851 
0.910000 232.803665 0.020425 
0.920000 235.406448 0.020016 
0.930000 238.003220 0.019624 
0.940000 240.569366 0.019246 
0.950000 243.147995 0.018883 
0.960000 245.722595 0.018533 
0.970000 248.313370 0.018195 
0.980000 250.867371 0.017870 
0.990000 253.441193 0.017557 
1.000000 255.999893 0.017254 
