0.500000 204.993668 0.011872 
0.510000 425.694641 0.007659 
0.520000 661.909851 0.006321 
0.530000 915.507446 0.005728 
0.540000 1189.363892 0.005409 
0.550000 1481.520874 0.005215 
0.560000 1795.267700 0.005090 
0.570000 2133.235840 0.005003 
0.580000 2497.249268 0.004939 
0.590000 2888.813965 0.004889 
0.600000 3309.214355 0.004848 
0.610000 3760.526611 0.004814 
0.620000 4242.418457 0.004784 
0.630000 4754.411621 0.004757 
0.640000 5297.747070 0.004732 
0.650000 5869.601074 0.004708 
0.660000 6468.184082 0.004685 
0.670000 7090.696777 0.004663 
0.680000 7735.810059 0.004641 
0.690000 8401.133789 0.004619 
0.700000 9084.657227 0.004598 
0.710000 9784.567383 0.004577 
0.720000 10499.953125 0.004556 
0.730000 11229.563477 0.004535 
0.740000 11972.682617 0.004515 
0.750000 12728.731445 0.004495 
0.760000 13497.176758 0.004475 
0.770000 14277.660156 0.004455 
0.780000 15069.796875 0.004435 
0.790000 15873.422852 0.004415 
0.800000 16688.285156 0.004396 
0.810000 17514.267578 0.004377 
0.820000 18351.152344 0.004358 
0.830000 19198.865234 0.004339 
0.840000 20057.183594 0.004320 
0.850000 20926.082031 0.004301 
0.860000 21805.570312 0.004283 
0.870000 22695.531250 0.004265 
0.880000 23595.910156 0.004247 
0.890000 24506.732422 0.004229 
0.900000 25427.912109 0.004211 
0.910000 26359.417969 0.004193 
0.920000 27301.232422 0.004176 
0.930000 28253.380859 0.004158 
0.940000 29215.792969 0.004141 
0.950000 30188.478516 0.004124 
0.960000 31171.414062 0.004107 
0.970000 32164.605469 0.004090 
0.980000 33168.039062 0.004074 
0.990000 34181.777344 0.004057 
1.000000 35205.777344 0.004041 
