0.560000 960.488647 0.082191 
0.570000 2052.923828 0.054954 
0.580000 3289.053711 0.046305 
0.590000 4688.372070 0.042029 
0.600000 6265.755371 0.039378 
0.610000 8030.425781 0.037487 
0.620000 9976.449219 0.035964 
0.630000 12097.912109 0.034648 
0.640000 14364.744141 0.033465 
0.650000 16757.847656 0.032375 
0.660000 19252.550781 0.031357 
0.670000 21833.714844 0.030403 
0.680000 24489.650391 0.029506 
0.690000 27211.638672 0.028660 
0.700000 29995.031250 0.027862 
0.710000 32834.433594 0.027107 
0.720000 35727.851562 0.026391 
0.730000 38672.167969 0.025713 
0.740000 41665.472656 0.025068 
0.750000 44707.023438 0.024455 
0.760000 47794.753906 0.023871 
0.770000 50928.230469 0.023315 
0.780000 54106.179688 0.022784 
0.790000 57328.312500 0.022276 
0.800000 60594.238281 0.021791 
0.810000 63903.054688 0.021326 
0.820000 67254.890625 0.020881 
0.830000 70648.898438 0.020454 
0.840000 -69080.335938 0.020044 
0.850000 -65602.132812 0.019650 
0.860000 -62082.378906 0.019271 
0.870000 -58520.664062 0.018907 
0.880000 -54917.808594 0.018556 
0.890000 -51273.425781 0.018218 
0.900000 -47587.875000 0.017892 
0.910000 -43861.183594 0.017577 
0.920000 -40093.113281 0.017274 
0.930000 -36284.175781 0.016980 
0.940000 -32433.978516 0.016697 
0.950000 -28542.861328 0.016423 
0.960000 -24610.767578 0.016157 
0.970000 -20637.580078 0.015900 
0.980000 -16623.511719 0.015652 
0.990000 -12568.415039 0.015410 
1.000000 -8472.416992 0.015177 
