0.500000 8.482778 0.341651 
0.510000 8.601666 0.175921 
0.520000 8.722075 0.120605 
0.530000 8.835333 0.093119 
0.540000 8.961481 0.076578 
0.550000 9.089481 0.065454 
0.560000 9.209148 0.057498 
0.570000 9.326185 0.051548 
0.580000 9.451926 0.046906 
0.590000 9.577259 0.043188 
0.600000 9.697703 0.040126 
0.610000 9.822408 0.037576 
0.620000 9.954223 0.035416 
0.630000 10.087481 0.033562 
0.640000 10.223222 0.031944 
0.650000 10.352555 0.030524 
0.660000 10.502222 0.029264 
0.670000 10.648149 0.028142 
0.680000 10.789852 0.027126 
0.690000 10.921593 0.026207 
0.700000 11.082037 0.025371 
0.710000 11.216333 0.024605 
0.720000 11.367741 0.023897 
0.730000 11.517148 0.023243 
0.740000 11.681185 0.022636 
0.750000 11.840815 0.022069 
0.760000 12.006371 0.021538 
0.770000 12.155407 0.021039 
0.780000 12.316112 0.020569 
0.790000 12.474222 0.020125 
0.800000 12.636371 0.019704 
0.810000 12.804482 0.019305 
0.820000 12.971815 0.018924 
0.830000 13.138593 0.018561 
0.840000 13.322333 0.018214 
0.850000 13.483407 0.017881 
0.860000 13.659370 0.017561 
0.870000 13.838593 0.017254 
0.880000 14.002889 0.016958 
0.890000 14.171630 0.016674 
0.900000 14.338963 0.016399 
0.910000 14.510111 0.016133 
0.920000 14.680408 0.015876 
0.930000 14.850963 0.015628 
0.940000 15.023666 0.015387 
0.950000 15.188666 0.015154 
0.960000 15.361111 0.014928 
0.970000 15.522704 0.014708 
0.980000 15.682741 0.014495 
0.990000 15.845926 0.014288 
1.000000 16.000000 0.014087 
