0.400000 7.621666 0.157309 
0.410000 15.433400 0.081694 
0.420000 23.318800 0.055428 
0.430000 31.278734 0.042504 
0.440000 39.328732 0.034962 
0.450000 47.450867 0.029803 
0.460000 55.650501 0.026271 
0.470000 63.937698 0.023594 
0.480000 72.202003 0.021568 
0.490000 80.564499 0.020054 
0.500000 88.956169 0.018780 
0.510000 97.597534 0.017747 
0.520000 106.473999 0.016866 
0.530000 115.473770 0.016101 
0.540000 124.583870 0.015445 
0.550000 133.966232 0.014880 
0.560000 143.417038 0.014372 
0.570000 152.888474 0.013921 
0.580000 162.540802 0.013506 
0.590000 172.303970 0.013142 
0.600000 182.201233 0.012810 
0.610000 192.320267 0.012501 
0.620000 202.574936 0.012219 
0.630000 212.950928 0.011956 
0.640000 223.403000 0.011718 
0.650000 233.953506 0.011497 
0.660000 244.573441 0.011292 
0.670000 255.360672 0.011106 
0.680000 266.224457 0.010933 
0.690000 277.173523 0.010773 
0.700000 288.296936 0.010623 
0.710000 299.493958 0.010481 
0.720000 310.863068 0.010345 
0.730000 322.372742 0.010214 
0.740000 334.033600 0.010088 
0.750000 345.922394 0.009969 
0.760000 357.933655 0.009857 
0.770000 370.049622 0.009750 
0.780000 382.325592 0.009647 
0.790000 394.760834 0.009547 
0.800000 407.286713 0.009451 
0.810000 419.983154 0.009357 
0.820000 432.822968 0.009267 
0.830000 445.873718 0.009179 
0.840000 459.083710 0.009094 
0.850000 472.441986 0.009011 
0.860000 486.019470 0.008930 
0.870000 499.778595 0.008850 
0.880000 513.761719 0.008772 
0.890000 527.879883 0.008696 
0.900000 542.170288 0.008621 
0.910000 556.685059 0.008547 
0.920000 571.357178 0.008475 
0.930000 586.180420 0.008404 
0.940000 601.185120 0.008334 
0.950000 616.360291 0.008265 
0.960000 631.692932 0.008197 
0.969999 647.195312 0.008130 
0.979999 662.830688 0.008065 
0.989999 678.663086 0.008000 
0.999999 694.663086 0.007937 
