0.550000 294.664124 0.136575 
0.560000 316.353210 0.081037 
0.570000 342.930084 0.062722 
0.580000 366.873199 0.053551 
0.590000 394.132629 0.048020 
0.600000 421.831451 0.044276 
0.610000 451.948547 0.041508 
0.620000 482.437927 0.039338 
0.630000 513.792419 0.037551 
0.640000 543.836426 0.036018 
0.650000 571.634216 0.034670 
0.660000 597.742859 0.033459 
0.670000 622.423096 0.032349 
0.680000 644.479431 0.031320 
0.690000 664.529175 0.030362 
0.700000 682.982056 0.029465 
0.710000 700.059875 0.028621 
0.720000 715.584167 0.027824 
0.730000 729.734802 0.027071 
0.740000 743.444153 0.026357 
0.750000 756.435974 0.025681 
0.760000 768.800415 0.025038 
0.770000 780.856750 0.024426 
0.780000 792.628906 0.023844 
0.790000 804.134399 0.023288 
0.800000 815.333252 0.022758 
0.810000 826.366638 0.022252 
0.820000 837.262939 0.021768 
0.830000 848.078491 0.021304 
0.840000 858.811401 0.020859 
0.850000 869.394226 0.020433 
0.860000 879.929626 0.020024 
0.870000 890.418640 0.019631 
0.880000 900.824890 0.019253 
0.890000 911.214722 0.018889 
0.900000 921.561157 0.018539 
0.910000 931.804565 0.018202 
0.920000 942.078979 0.017876 
0.930000 952.385132 0.017562 
0.940000 962.638794 0.017259 
0.950000 972.886963 0.016966 
0.960000 983.126526 0.016683 
0.970000 993.371582 0.016410 
0.980000 1003.551758 0.016145 
0.990000 1013.800598 0.015888 
1.000000 1023.999573 0.015640 
